# ArraySize TwoWayMergeSortSteps ThreeWayMergeSortSteps
1 0 0
2 2 1
3 5 3
4 8 5
5 12 8
6 16 9
7 20 12
8 24 15
9 29 18
10 34 21
11 39 25
12 44 27
13 49 31
14 54 33
15 59 39
16 64 41
17 70 45
18 76 45
19 82 49
20 88 53
21 94 57
22 100 61
23 106 65
24 112 69
25 118 73
26 124 77
27 130 81
28 136 85
29 142 90
30 148 93
31 154 98
32 160 101
33 167 108
34 174 111
35 181 116
36 188 117
37 195 122
38 202 125
39 209 132
40 216 135
41 223 142
42 230 141
43 237 148
44 244 151
45 251 162
46 258 165
47 265 170
48 272 171
49 279 176
50 286 177
51 293 186
52 300 187
53 307 192
54 314 189
55 321 194
56 328 199
57 335 204
58 342 209
59 349 214
60 356 219
61 363 224
62 370 229
63 377 234
64 384 239
65 392 244
66 400 249
67 408 254
68 416 259
69 424 264
70 432 269
71 440 274
72 448 279
73 456 284
74 464 289
75 472 294
76 480 299
77 488 304
78 496 309
79 504 314
80 512 319
81 520 324
82 528 329
83 536 335
84 544 339
85 552 345
86 560 349
87 568 357
88 576 361
89 584 367
90 592 369
91 600 375
92 608 379
93 616 387
94 624 391
95 632 399
96 640 399
97 648 407
98 656 411
99 664 423
100 672 427
101 680 433
102 688 435
103 696 441
104 704 443
105 712 453
106 720 455
107 728 461
108 736 459
109 744 465
110 752 469
111 760 477
112 768 481
113 776 489
114 784 489
115 792 497
116 800 501
117 808 513
118 816 517
119 824 525
120 832 525
121 840 533
122 848 533
123 856 549
124 864 549
125 872 557
126 880 549
127 888 557
128 896 561
129 905 573
130 914 577
131 923 589
132 932 585
133 941 597
134 950 601
135 959 621
136 968 625
137 977 631
138 986 633
139 995 639
140 1004 641
141 1013 651
142 1022 653
143 1031 659
144 1040 657
145 1049 663
146 1058 665
147 1067 675
148 1076 677
149 1085 687
150 1094 681
151 1103 691
152 1112 693
153 1121 711
154 1130 713
155 1139 719
156 1148 717
157 1157 723
158 1166 721
159 1175 735
160 1184 733
161 1193 739
162 1202 729
163 1211 735
164 1220 741
165 1229 747
166 1238 753
167 1247 759
168 1256 765
169 1265 771
170 1274 777
171 1283 783
172 1292 789
173 1301 795
174 1310 801
175 1319 807
176 1328 813
177 1337 819
178 1346 825
179 1355 831
180 1364 837
181 1373 843
182 1382 849
183 1391 855
184 1400 861
185 1409 867
186 1418 873
187 1427 879
188 1436 885
189 1445 891
190 1454 897
191 1463 903
192 1472 909
193 1481 915
194 1490 921
195 1499 927
196 1508 933
197 1517 939
198 1526 945
199 1535 951
200 1544 957
201 1553 963
202 1562 969
203 1571 975
204 1580 981
205 1589 987
206 1598 993
207 1607 999
208 1616 1005
209 1625 1011
210 1634 1017
211 1643 1023
212 1652 1029
213 1661 1035
214 1670 1041
215 1679 1047
216 1688 1053
217 1697 1059
218 1706 1065
219 1715 1071
220 1724 1077
221 1733 1083
222 1742 1089
223 1751 1095
224 1760 1101
225 1769 1107
226 1778 1113
227 1787 1119
228 1796 1125
229 1805 1131
230 1814 1137
231 1823 1143
232 1832 1149
233 1841 1155
234 1850 1161
235 1859 1167
236 1868 1173
237 1877 1179
238 1886 1185
239 1895 1191
240 1904 1197
241 1913 1203
242 1922 1209
243 1931 1215
244 1940 1221
245 1949 1228
246 1958 1233
247 1967 1240
248 1976 1245
249 1985 1254
250 1994 1259
251 2003 1266
252 2012 1269
253 2021 1276
254 2030 1281
255 2039 1290
256 2048 1295
257 2058 1304
258 2068 1305
259 2078 1314
260 2088 1319
261 2098 1332
262 2108 1337
263 2118 1344
264 2128 1347
265 2138 1354
266 2148 1357
267 2158 1368
268 2168 1371
269 2178 1378
270 2188 1377
271 2198 1384
272 2208 1389
273 2218 1398
274 2228 1403
275 2238 1412
276 2248 1413
277 2258 1422
278 2268 1427
279 2278 1440
280 2288 1445
281 2298 1454
282 2308 1455
283 2318 1464
284 2328 1465
285 2338 1482
286 2348 1483
287 2358 1492
288 2368 1485
289 2378 1494
290 2388 1499
291 2398 1512
292 2408 1517
293 2418 1530
294 2428 1527
295 2438 1540
296 2448 1545
297 2458 1566
298 2468 1571
299 2478 1578
300 2488 1581
301 2498 1588
302 2508 1591
303 2518 1602
304 2528 1605
305 2538 1612
306 2548 1611
307 2558 1618
308 2568 1621
309 2578 1632
310 2588 1635
311 2598 1646
312 2608 1641
313 2618 1652
314 2628 1655
315 2638 1674
316 2648 1677
317 2658 1684
318 2668 1683
319 2678 1690
320 2688 1689
321 2698 1704
322 2708 1703
323 2718 1710
324 2728 1701
325 2738 1708
326 2748 1713
327 2758 1722
328 2768 1727
329 2778 1736
330 2788 1737
331 2798 1746
332 2808 1751
333 2818 1764
334 2828 1769
335 2838 1778
336 2848 1779
337 2858 1788
338 2868 1789
339 2878 1806
340 2888 1807
341 2898 1816
342 2908 1809
343 2918 1818
344 2928 1823
345 2938 1836
346 2948 1841
347 2958 1854
348 2968 1851
349 2978 1864
350 2988 1869
351 2998 1890
352 3008 1895
353 3018 1904
354 3028 1905
355 3038 1914
356 3048 1915
357 3058 1932
358 3068 1933
359 3078 1942
360 3088 1935
361 3098 1944
362 3108 1945
363 3118 1962
364 3128 1963
365 3138 1980
366 3148 1965
367 3158 1982
368 3168 1983
369 3178 2016
370 3188 2017
371 3198 2026
372 3208 2019
373 3218 2028
374 3228 2021
375 3238 2046
376 3248 2039
377 3258 2048
378 3268 2025
379 3278 2034
380 3288 2039
381 3298 2052
382 3308 2057
383 3318 2070
384 3328 2067
385 3338 2080
386 3348 2085
387 3358 2106
388 3368 2111
389 3378 2124
390 3388 2121
391 3398 2134
392 3408 2131
393 3418 2160
394 3428 2157
395 3438 2170
396 3448 2151
397 3458 2164
398 3468 2169
399 3478 2190
400 3488 2195
401 3498 2216
402 3508 2205
403 3518 2226
404 3528 2231
405 3538 2268
406 3548 2273
407 3558 2280
408 3568 2283
409 3578 2290
410 3588 2293
411 3598 2304
412 3608 2307
413 3618 2314
414 3628 2313
415 3638 2320
416 3648 2323
417 3658 2334
418 3668 2337
419 3678 2348
420 3688 2343
421 3698 2354
422 3708 2357
423 3718 2376
424 3728 2379
425 3738 2386
426 3748 2385
427 3758 2392
428 3768 2391
429 3778 2406
430 3788 2405
431 3798 2412
432 3808 2403
433 3818 2410
434 3828 2413
435 3838 2424
436 3848 2427
437 3858 2438
438 3868 2433
439 3878 2444
440 3888 2447
441 3898 2466
442 3908 2469
443 3918 2480
444 3928 2475
445 3938 2486
446 3948 2481
447 3958 2508
448 3968 2503
449 3978 2514
450 3988 2493
451 3998 2504
452 4008 2507
453 4018 2526
454 4028 2529
455 4038 2548
456 4048 2535
457 4058 2554
458 4068 2557
459 4078 2592
460 4088 2595
461 4098 2602
462 4108 2601
463 4118 2608
464 4128 2607
465 4138 2622
466 4148 2621
467 4158 2628
468 4168 2619
469 4178 2626
470 4188 2625
471 4198 2640
472 4208 2639
473 4218 2654
474 4228 2637
475 4238 2652
476 4248 2651
477 4258 2682
478 4268 2681
479 4278 2688
480 4288 2679
481 4298 2686
482 4308 2677
483 4318 2700
484 4328 2691
485 4338 2698
486 4348 2673
487 4358 2680
488 4368 2687
489 4378 2694
490 4388 2701
491 4398 2708
492 4408 2715
493 4418 2722
494 4428 2729
495 4438 2736
496 4448 2743
497 4458 2750
498 4468 2757
499 4478 2764
500 4488 2771
501 4498 2778
502 4508 2785
503 4518 2792
504 4528 2799
505 4538 2806
506 4548 2813
507 4558 2820
508 4568 2827
509 4578 2834
510 4588 2841
511 4598 2848
512 4608 2855
513 4619 2862
514 4630 2869
515 4641 2876
516 4652 2883
517 4663 2890
518 4674 2897
519 4685 2904
520 4696 2911
521 4707 2918
522 4718 2925
523 4729 2932
524 4740 2939
525 4751 2946
526 4762 2953
527 4773 2960
528 4784 2967
529 4795 2974
530 4806 2981
531 4817 2988
532 4828 2995
533 4839 3002
534 4850 3009
535 4861 3016
536 4872 3023
537 4883 3030
538 4894 3037
539 4905 3044
540 4916 3051
541 4927 3058
542 4938 3065
543 4949 3072
544 4960 3079
545 4971 3086
546 4982 3093
547 4993 3100
548 5004 3107
549 5015 3114
550 5026 3121
551 5037 3128
552 5048 3135
553 5059 3142
554 5070 3149
555 5081 3156
556 5092 3163
557 5103 3170
558 5114 3177
559 5125 3184
560 5136 3191
561 5147 3198
562 5158 3205
563 5169 3212
564 5180 3219
565 5191 3226
566 5202 3233
567 5213 3240
568 5224 3247
569 5235 3254
570 5246 3261
571 5257 3268
572 5268 3275
573 5279 3282
574 5290 3289
575 5301 3296
576 5312 3303
577 5323 3310
578 5334 3317
579 5345 3324
580 5356 3331
581 5367 3338
582 5378 3345
583 5389 3352
584 5400 3359
585 5411 3366
586 5422 3373
587 5433 3380
588 5444 3387
589 5455 3394
590 5466 3401
591 5477 3408
592 5488 3415
593 5499 3422
594 5510 3429
595 5521 3436
596 5532 3443
597 5543 3450
598 5554 3457
599 5565 3464
600 5576 3471
601 5587 3478
602 5598 3485
603 5609 3492
604 5620 3499
605 5631 3506
606 5642 3513
607 5653 3520
608 5664 3527
609 5675 3534
610 5686 3541
611 5697 3548
612 5708 3555
613 5719 3562
614 5730 3569
615 5741 3576
616 5752 3583
617 5763 3590
618 5774 3597
619 5785 3604
620 5796 3611
621 5807 3618
622 5818 3625
623 5829 3632
624 5840 3639
625 5851 3646
626 5862 3653
627 5873 3660
628 5884 3667
629 5895 3674
630 5906 3681
631 5917 3688
632 5928 3695
633 5939 3702
634 5950 3709
635 5961 3716
636 5972 3723
637 5983 3730
638 5994 3737
639 6005 3744
640 6016 3751
641 6027 3758
642 6038 3765
643 6049 3772
644 6060 3779
645 6071 3786
646 6082 3793
647 6093 3800
648 6104 3807
649 6115 3814
650 6126 3821
651 6137 3828
652 6148 3835
653 6159 3842
654 6170 3849
655 6181 3856
656 6192 3863
657 6203 3870
658 6214 3877
659 6225 3884
660 6236 3891
661 6247 3898
662 6258 3905
663 6269 3912
664 6280 3919
665 6291 3926
666 6302 3933
667 6313 3940
668 6324 3947
669 6335 3954
670 6346 3961
671 6357 3968
672 6368 3975
673 6379 3982
674 6390 3989
675 6401 3996
676 6412 4003
677 6423 4010
678 6434 4017
679 6445 4024
680 6456 4031
681 6467 4038
682 6478 4045
683 6489 4052
684 6500 4059
685 6511 4066
686 6522 4073
687 6533 4080
688 6544 4087
689 6555 4094
690 6566 4101
691 6577 4108
692 6588 4115
693 6599 4122
694 6610 4129
695 6621 4136
696 6632 4143
697 6643 4150
698 6654 4157
699 6665 4164
700 6676 4171
701 6687 4178
702 6698 4185
703 6709 4192
704 6720 4199
705 6731 4206
706 6742 4213
707 6753 4220
708 6764 4227
709 6775 4234
710 6786 4241
711 6797 4248
712 6808 4255
713 6819 4262
714 6830 4269
715 6841 4276
716 6852 4283
717 6863 4290
718 6874 4297
719 6885 4304
720 6896 4311
721 6907 4318
722 6918 4325
723 6929 4332
724 6940 4339
725 6951 4346
726 6962 4353
727 6973 4360
728 6984 4367
729 6995 4374
730 7006 4381
731 7017 4389
732 7028 4395
733 7039 4403
734 7050 4409
735 7061 4419
736 7072 4425
737 7083 4433
738 7094 4437
739 7105 4445
740 7116 4451
741 7127 4461
742 7138 4467
743 7149 4477
744 7160 4479
745 7171 4489
746 7182 4495
747 7193 4509
748 7204 4515
749 7215 4523
750 7226 4527
751 7237 4535
752 7248 4539
753 7259 4551
754 7270 4555
755 7281 4563
756 7292 4563
757 7303 4571
758 7314 4577
759 7325 4587
760 7336 4593
761 7347 4603
762 7358 4605
763 7369 4615
764 7380 4621
765 7391 4635
766 7402 4641
767 7413 4651
768 7424 4653
769 7435 4663
770 7446 4665
771 7457 4683
772 7468 4685
773 7479 4695
774 7490 4689
775 7501 4699
776 7512 4705
777 7523 4719
778 7534 4725
779 7545 4739
780 7556 4737
781 7567 4751
782 7578 4757
783 7589 4779
784 7600 4785
785 7611 4793
786 7622 4797
787 7633 4805
788 7644 4809
789 7655 4821
790 7666 4825
791 7677 4833
792 7688 4833
793 7699 4841
794 7710 4845
795 7721 4857
796 7732 4861
797 7743 4873
798 7754 4869
799 7765 4881
800 7776 4885
801 7787 4905
802 7798 4909
803 7809 4917
804 7820 4917
805 7831 4925
806 7842 4925
807 7853 4941
808 7864 4941
809 7875 4949
810 7886 4941
811 7897 4949
812 7908 4955
813 7919 4965
814 7930 4971
815 7941 4981
816 7952 4983
817 7963 4993
818 7974 4999
819 7985 5013
820 7996 5019
821 8007 5029
822 8018 5031
823 8029 5041
824 8040 5043
825 8051 5061
826 8062 5063
827 8073 5073
828 8084 5067
829 8095 5077
830 8106 5083
831 8117 5097
832 8128 5103
833 8139 5117
834 8150 5115
835 8161 5129
836 8172 5135
837 8183 5157
838 8194 5163
839 8205 5173
840 8216 5175
841 8227 5185
842 8238 5187
843 8249 5205
844 8260 5207
845 8271 5217
846 8282 5211
847 8293 5221
848 8304 5223
849 8315 5241
850 8326 5243
851 8337 5261
852 8348 5247
853 8359 5265
854 8370 5267
855 8381 5301
856 8392 5303
857 8403 5313
858 8414 5307
859 8425 5317
860 8436 5311
861 8447 5337
862 8458 5331
863 8469 5341
864 8480 5319
865 8491 5329
866 8502 5335
867 8513 5349
868 8524 5355
869 8535 5369
870 8546 5367
871 8557 5381
872 8568 5387
873 8579 5409
874 8590 5415
875 8601 5429
876 8612 5427
877 8623 5441
878 8634 5439
879 8645 5469
880 8656 5467
881 8667 5481
882 8678 5463
883 8689 5477
884 8700 5483
885 8711 5505
886 8722 5511
887 8733 5533
888 8744 5523
889 8755 5545
890 8766 5551
891 8777 5589
892 8788 5595
893 8799 5603
894 8810 5607
895 8821 5615
896 8832 5619
897 8843 5631
898 8854 5635
899 8865 5643
900 8876 5643
901 8887 5651
902 8898 5655
903 8909 5667
904 8920 5671
905 8931 5683
906 8942 5679
907 8953 5691
908 8964 5695
909 8975 5715
910 8986 5719
911 8997 5727
912 9008 5727
913 9019 5735
914 9030 5735
915 9041 5751
916 9052 5751
917 9063 5759
918 9074 5751
919 9085 5759
920 9096 5763
921 9107 5775
922 9118 5779
923 9129 5791
924 9140 5787
925 9151 5799
926 9162 5803
927 9173 5823
928 9184 5827
929 9195 5839
930 9206 5835
931 9217 5847
932 9228 5843
933 9239 5871
934 9250 5867
935 9261 5879
936 9272 5859
937 9283 5871
938 9294 5875
939 9305 5895
940 9316 5899
941 9327 5919
942 9338 5907
943 9349 5927
944 9360 5931
945 9371 5967
946 9382 5971
947 9393 5979
948 9404 5979
949 9415 5987
950 9426 5987
951 9437 6003
952 9448 6003
953 9459 6011
954 9470 6003
955 9481 6011
956 9492 6011
957 9503 6027
958 9514 6027
959 9525 6043
960 9536 6027
961 9547 6043
962 9558 6043
963 9569 6075
964 9580 6075
965 9591 6083
966 9602 6075
967 9613 6083
968 9624 6075
969 9635 6099
970 9646 6091
971 9657 6099
972 9668 6075
973 9679 6083
974 9690 6089
975 9701 6099
976 9712 6105
977 9723 6115
978 9734 6117
979 9745 6127
980 9756 6133
981 9767 6147
982 9778 6153
983 9789 6163
984 9800 6165
985 9811 6175
986 9822 6177
987 9833 6195
988 9844 6197
989 9855 6207
990 9866 6201
991 9877 6211
992 9888 6217
993 9899 6231
994 9910 6237
995 9921 6251
996 9932 6249
997 9943 6263
998 9954 6269
999 9965 6291
1000 9976 6297
